:- module(arestas, [aresta/3]).
aresta( 15805 , 15865 , 0.1301916442954011 ).
aresta( 15805 , 15866 , 0.10645682662066398 ).
aresta( 15805 , 15867 , 0.09972957970367313 ).
aresta( 15805 , 15888 , 0.1673196539492436 ).
aresta( 15805 , 15889 , 0.14898335805463714 ).
aresta( 15805 , 15890 , 0.15156149079737344 ).
aresta( 15805 , 15891 , 0.17214242441866054 ).
aresta( 15806 , 15865 , 0.1238785651929606 ).
aresta( 15806 , 15866 , 0.1025961874905506 ).
aresta( 15806 , 15867 , 0.10093126885579122 ).
aresta( 15806 , 15888 , 0.1674777400224743 ).
aresta( 15806 , 15889 , 0.14856919004515645 ).
aresta( 15806 , 15890 , 0.1499947129450299 ).
aresta( 15806 , 15891 , 0.1700288249003034 ).
aresta( 15807 , 15865 , 0.09014670342548893 ).
aresta( 15807 , 15866 , 0.037173644504773916 ).
aresta( 15807 , 15867 , 0.034746620782516384 ).
aresta( 15807 , 15888 , 0.08446362231690586 ).
aresta( 15807 , 15889 , 0.06386484848295128 ).
aresta( 15807 , 15890 , 0.06413044736620271 ).
aresta( 15807 , 15891 , 0.08518044310516185 ).
aresta( 15808 , 15809 , 0.03592933002302158 ).
aresta( 15808 , 15810 , 0.06982398499527023 ).
aresta( 15808 , 15855 , 0.10807873170235617 ).
aresta( 15808 , 15856 , 0.18299869650530085 ).
aresta( 15808 , 15857 , 0.18572121157978277 ).
aresta( 15808 , 15858 , 0.1083717645802594 ).
aresta( 15808 , 15859 , 0.2515664956322809 ).
aresta( 15808 , 15860 , 0.34146764498964194 ).
aresta( 15808 , 15861 , 0.4038225914628467 ).
aresta( 15808 , 15862 , 0.4371645902993397 ).
aresta( 15808 , 15863 , 0.4705886448279587 ).
aresta( 15808 , 15864 , 0.5033950769721541 ).
aresta( 15808 , 15892 , 0.07473525468785382 ).
aresta( 15808 , 15893 , 0.059987607279522556 ).
aresta( 15808 , 15894 , 0.05362319943152387 ).
aresta( 15809 , 15808 , 0.03592933002302158 ).
aresta( 15809 , 15811 , 0.04069099001040787 ).
aresta( 15809 , 15812 , 0.040175925385031876 ).
aresta( 15809 , 15876 , 0.19770728008010485 ).
aresta( 15809 , 15877 , 0.14963777685809218 ).
aresta( 15809 , 15878 , 0.07251894481249586 ).
aresta( 15809 , 15879 , 0.08219095249619063 ).
aresta( 15810 , 15808 , 0.06982398499527023 ).
aresta( 15810 , 15811 , 0.04052406950301554 ).
aresta( 15810 , 15812 , 0.050396532946324187 ).
aresta( 15810 , 15876 , 0.18421706529249796 ).
aresta( 15810 , 15877 , 0.11928150171583017 ).
aresta( 15810 , 15878 , 0.036636644451277005 ).
aresta( 15810 , 15879 , 0.045785440164822215 ).
aresta( 15811 , 15809 , 0.04069099001040787 ).
aresta( 15811 , 15810 , 0.04052406950301554 ).
aresta( 15811 , 15888 , 0.10972759086694633 ).
aresta( 15811 , 15889 , 0.11412108558758242 ).
aresta( 15811 , 15890 , 0.13619181012302536 ).
aresta( 15811 , 15891 , 0.15626047428911907 ).
aresta( 15811 , 15892 , 0.0452414012283684 ).
aresta( 15811 , 15893 , 0.05448062104408998 ).
aresta( 15811 , 15894 , 0.061560407978865146 ).
aresta( 15812 , 15809 , 0.040175925385031876 ).
aresta( 15812 , 15810 , 0.050396532946324187 ).
aresta( 15812 , 15888 , 0.042890726135212186 ).
aresta( 15812 , 15889 , 0.041706195959626 ).
aresta( 15812 , 15890 , 0.06354301556764921 ).
aresta( 15812 , 15891 , 0.08408062018952182 ).
aresta( 15812 , 15892 , 0.11586472587586745 ).
aresta( 15812 , 15893 , 0.12446235599839334 ).
aresta( 15812 , 15894 , 0.12546982148339292 ).
aresta( 15813 , 15819 , 0.39899931208949063 ).
aresta( 15813 , 15820 , 0.2963901640645702 ).
aresta( 15813 , 15821 , 0.23648546627490813 ).
aresta( 15813 , 15822 , 0.19468070330355194 ).
aresta( 15813 , 15823 , 0.11897385393121374 ).
aresta( 15813 , 15824 , 0.05263624292551712 ).
aresta( 15813 , 15830 , 0.052205351183031774 ).
aresta( 15813 , 15831 , 0.0944296101403991 ).
aresta( 15814 , 15819 , 0.45792937236447157 ).
aresta( 15814 , 15820 , 0.35602424745254885 ).
aresta( 15814 , 15821 , 0.29667511039273725 ).
aresta( 15814 , 15822 , 0.2552575955349181 ).
aresta( 15814 , 15823 , 0.1801391683941532 ).
aresta( 15814 , 15824 , 0.11412199287323468 ).
aresta( 15814 , 15830 , 0.03719174873725381 ).
aresta( 15814 , 15831 , 0.08957710715638884 ).
aresta( 15815 , 15819 , 0.48326894692243694 ).
aresta( 15815 , 15820 , 0.381496834116299 ).
aresta( 15815 , 15821 , 0.3222223933366646 ).
aresta( 15815 , 15822 , 0.28083589328706854 ).
aresta( 15815 , 15823 , 0.20570225350781032 ).
aresta( 15815 , 15824 , 0.13950770906025442 ).
aresta( 15815 , 15830 , 0.05700217068080114 ).
aresta( 15815 , 15831 , 0.10214439587281697 ).
aresta( 15818 , 15819 , 0.17048232166804714 ).
aresta( 15818 , 15820 , 0.07026209160945704 ).
aresta( 15818 , 15821 , 0.027742573233407564 ).
aresta( 15818 , 15822 , 0.04829613568149859 ).
aresta( 15818 , 15823 , 0.1205990810319327 ).
aresta( 15818 , 15824 , 0.18756074905844386 ).
aresta( 15818 , 21952 , 0.02408648236961493 ).
aresta( 15819 , 15813 , 0.39899931208949063 ).
aresta( 15819 , 15814 , 0.45792937236447157 ).
aresta( 15819 , 15815 , 0.48326894692243694 ).
aresta( 15819 , 15818 , 0.17048232166804714 ).
aresta( 15819 , 15834 , 0.3666816677478945 ).
aresta( 15819 , 15836 , 0.3292890132767965 ).
aresta( 15819 , 15855 , 0.4720326243013291 ).
aresta( 15819 , 15856 , 0.39706271012411476 ).
aresta( 15819 , 15857 , 0.39434488077375573 ).
aresta( 15819 , 15858 , 0.472091176767095 ).
aresta( 15819 , 15859 , 0.3285175000764331 ).
aresta( 15819 , 15860 , 0.23897808732370565 ).
aresta( 15819 , 15861 , 0.17747567033198866 ).
aresta( 15819 , 15862 , 0.14462833972920425 ).
aresta( 15819 , 15863 , 0.11111017903365746 ).
aresta( 15819 , 15864 , 0.07711857375903375 ).
aresta( 15819 , 15881 , 0.21728638852314078 ).
aresta( 15819 , 15882 , 0.33030776610379786 ).
aresta( 15819 , 15896 , 0.25019095789108836 ).
aresta( 15819 , 19282 , 0.41396420118927557 ).
aresta( 15819 , 21959 , 0.34584157941968247 ).
aresta( 15820 , 15813 , 0.2963901640645702 ).
aresta( 15820 , 15814 , 0.35602424745254885 ).
aresta( 15820 , 15815 , 0.381496834116299 ).
aresta( 15820 , 15818 , 0.07026209160945704 ).
aresta( 15820 , 15834 , 0.29771514665727605 ).
aresta( 15820 , 15836 , 0.23759366632524226 ).
aresta( 15820 , 15855 , 0.5753687571226797 ).
aresta( 15820 , 15856 , 0.5004734639164371 ).
aresta( 15820 , 15857 , 0.4976941652678774 ).
aresta( 15820 , 15858 , 0.575358485993852 ).
aresta( 15820 , 15859 , 0.43195476419185413 ).
aresta( 15820 , 15860 , 0.34250874119523045 ).
aresta( 15820 , 15861 , 0.28097235879952154 ).
aresta( 15820 , 15862 , 0.24800961034295688 ).
aresta( 15820 , 15863 , 0.21441791357772708 ).
aresta( 15820 , 15864 , 0.18062318201018374 ).
aresta( 15820 , 15881 , 0.1140099248192527 ).
aresta( 15820 , 15882 , 0.22678803874064105 ).
aresta( 15820 , 15896 , 0.14674335695660054 ).
aresta( 15820 , 19282 , 0.31154408173303305 ).
aresta( 15820 , 21959 , 0.24522429471152277 ).
aresta( 15821 , 15813 , 0.23648546627490813 ).
aresta( 15821 , 15814 , 0.29667511039273725 ).
aresta( 15821 , 15815 , 0.3222223933366646 ).
aresta( 15821 , 15818 , 0.027742573233407564 ).
aresta( 15821 , 15834 , 0.2676615341007406 ).
aresta( 15821 , 15836 , 0.18941657159247882 ).
aresta( 15821 , 15855 , 0.6360718804661127 ).
aresta( 15821 , 15856 , 0.5612135923669008 ).
aresta( 15821 , 15857 , 0.5584075935459715 ).
aresta( 15821 , 15858 , 0.6360303535951343 ).
aresta( 15821 , 15859 , 0.4927092891263625 ).
aresta( 15821 , 15860 , 0.4033040859191861 ).
aresta( 15821 , 15861 , 0.3417625030310438 ).
aresta( 15821 , 15862 , 0.30877172596043106 ).
aresta( 15821 , 15863 , 0.27516928146405945 ).
aresta( 15821 , 15864 , 0.24141913959830968 ).
aresta( 15821 , 15881 , 0.05387502584316203 ).
aresta( 15821 , 15882 , 0.1660076699219572 ).
aresta( 15821 , 15896 , 0.08611844636089686 ).
aresta( 15821 , 19282 , 0.251796820422542 ).
aresta( 15821 , 21959 , 0.18757194958837162 ).
aresta( 15822 , 15813 , 0.19468070330355194 ).
aresta( 15822 , 15814 , 0.2552575955349181 ).
aresta( 15822 , 15815 , 0.28083589328706854 ).
aresta( 15822 , 15818 , 0.04829613568149859 ).
aresta( 15822 , 15834 , 0.2517045887098845 ).
aresta( 15822 , 15836 , 0.15963434914251048 ).
aresta( 15822 , 15855 , 0.6783060752581498 ).
aresta( 15822 , 15856 , 0.6034896802091864 ).
aresta( 15822 , 15857 , 0.6006552163514353 ).
aresta( 15822 , 15858 , 0.6782334621842718 ).
aresta( 15822 , 15859 , 0.5350040651998803 ).
aresta( 15822 , 15860 , 0.4456599835002005 ).
aresta( 15822 , 15861 , 0.38416111051560636 ).
aresta( 15822 , 15862 , 0.35117878090543064 ).
aresta( 15822 , 15863 , 0.317577112305976 ).
aresta( 15822 , 15864 , 0.28381266595762344 ).
aresta( 15822 , 15881 , 0.016733552871422495 ).
aresta( 15822 , 15882 , 0.12360193206695314 ).
aresta( 15822 , 15896 , 0.044509042298095124 ).
aresta( 15822 , 19282 , 0.21010587439889225 ).
aresta( 15822 , 21959 , 0.1481206104511038 ).
aresta( 15823 , 15813 , 0.11897385393121374 ).
aresta( 15823 , 15814 , 0.1801391683941532 ).
aresta( 15823 , 15815 , 0.20570225350781032 ).
aresta( 15823 , 15818 , 0.1205990810319327 ).
aresta( 15823 , 15834 , 0.23400923516087904 ).
aresta( 15823 , 15836 , 0.12019023463503108 ).
aresta( 15823 , 15855 , 0.753862848718233 ).
aresta( 15823 , 15856 , 0.6791816986900128 ).
aresta( 15823 , 15857 , 0.6762655279634507 ).
aresta( 15823 , 15858 , 0.7537040712583678 ).
aresta( 15823 , 15859 , 0.610766119711693 ).
aresta( 15823 , 15860 , 0.5216404706896802 ).
aresta( 15823 , 15861 , 0.46034256949224667 ).
aresta( 15823 , 15862 , 0.42743928437367085 ).
aresta( 15823 , 15863 , 0.3938576199048924 ).
aresta( 15823 , 15864 , 0.3599854485118193 ).
aresta( 15823 , 15881 , 0.06931176597330761 ).
aresta( 15823 , 15882 , 0.0478983535936495 ).
aresta( 15823 , 15896 , 0.03778678611000041 ).
aresta( 15823 , 19282 , 0.13458341209745994 ).
aresta( 15823 , 21959 , 0.08063240937530029 ).
aresta( 15824 , 15813 , 0.05263624292551712 ).
aresta( 15824 , 15814 , 0.11412199287323468 ).
aresta( 15824 , 15815 , 0.13950770906025442 ).
aresta( 15824 , 15818 , 0.18756074905844386 ).
aresta( 15824 , 15834 , 0.23420101457767942 ).
aresta( 15824 , 15836 , 0.11583374461917313 ).
aresta( 15824 , 15855 , 0.8198653929643684 ).
aresta( 15824 , 15856 , 0.7453487376782704 ).
aresta( 15824 , 15857 , 0.7423482502860496 ).
aresta( 15824 , 15858 , 0.8196171241097907 ).
aresta( 15824 , 15859 , 0.6770294530105255 ).
aresta( 15824 , 15860 , 0.5881672156384835 ).
aresta( 15824 , 15861 , 0.5271137275313654 ).
aresta( 15824 , 15862 , 0.4943144864730252 ).
aresta( 15824 , 15863 , 0.46076757801448864 ).
aresta( 15824 , 15864 , 0.42678661205119306 ).
aresta( 15824 , 15881 , 0.13634615979374337 ).
aresta( 15824 , 15882 , 0.02561104196816848 ).
aresta( 15824 , 15896 , 0.10371423546551421 ).
aresta( 15824 , 19282 , 0.06837628560243393 ).
aresta( 15824 , 21959 , 0.04655616646221061 ).
aresta( 15825 , 15827 , 0.0483499028107009 ).
aresta( 15825 , 15828 , 0.031328825478549496 ).
aresta( 15827 , 15825 , 0.0483499028107009 ).
aresta( 15827 , 15830 , 0.10675547797738942 ).
aresta( 15827 , 15831 , 0.12198212229218193 ).
aresta( 15828 , 15825 , 0.031328825478549496 ).
aresta( 15828 , 15830 , 0.03315105287251279 ).
aresta( 15828 , 15831 , 0.05433184817041891 ).
aresta( 15830 , 15813 , 0.052205351183031774 ).
aresta( 15830 , 15814 , 0.03719174873725381 ).
aresta( 15830 , 15815 , 0.05700217068080114 ).
aresta( 15830 , 15827 , 0.10675547797738942 ).
aresta( 15830 , 15828 , 0.03315105287251279 ).
aresta( 15830 , 15832 , 0.4939831924758537 ).
aresta( 15830 , 15845 , 0.0989286381646894 ).
aresta( 15830 , 15846 , 0.11045584119791761 ).
aresta( 15830 , 15847 , 0.19791614192946327 ).
aresta( 15830 , 15848 , 0.3722218913138464 ).
aresta( 15830 , 21969 , 0.077361732777701 ).
aresta( 15830 , 21932 , 0.35930582938194205 ).
aresta( 15831 , 15813 , 0.0944296101403991 ).
aresta( 15831 , 15814 , 0.08957710715638884 ).
aresta( 15831 , 15815 , 0.10214439587281697 ).
aresta( 15831 , 15827 , 0.12198212229218193 ).
aresta( 15831 , 15828 , 0.05433184817041891 ).
aresta( 15831 , 15832 , 0.5039002921544257 ).
aresta( 15831 , 15845 , 0.07472068953340243 ).
aresta( 15831 , 15846 , 0.06122771128318302 ).
aresta( 15831 , 15847 , 0.16430864443761486 ).
aresta( 15831 , 15848 , 0.3452782743070767 ).
aresta( 15831 , 21969 , 0.032767950353301496 ).
aresta( 15831 , 21932 , 0.3317091939197365 ).
aresta( 15832 , 15830 , 0.4939831924758537 ).
aresta( 15832 , 15831 , 0.5039002921544257 ).
aresta( 15832 , 15833 , 0.12425394741016477 ).
aresta( 15833 , 15832 , 0.12425394741016477 ).
aresta( 15834 , 15819 , 0.3666816677478945 ).
aresta( 15834 , 15820 , 0.29771514665727605 ).
aresta( 15834 , 15821 , 0.2676615341007406 ).
aresta( 15834 , 15822 , 0.2517045887098845 ).
aresta( 15834 , 15823 , 0.23400923516087904 ).
aresta( 15834 , 15824 , 0.23420101457767942 ).
aresta( 15834 , 15838 , 0.3944725660822953 ).
aresta( 15834 , 15845 , 0.19187530093769126 ).
aresta( 15834 , 15846 , 0.10284306788105266 ).
aresta( 15834 , 15847 , 0.107006587820047 ).
aresta( 15834 , 15848 , 0.2537938739192756 ).
aresta( 15834 , 15898 , 0.6749790391109016 ).
aresta( 15834 , 15899 , 0.6350368491880308 ).
aresta( 15834 , 21952 , 0.27379692159698965 ).
aresta( 15834 , 21969 , 0.15821868148902074 ).
aresta( 15834 , 21932 , 0.23991222282629562 ).
aresta( 15836 , 15819 , 0.3292890132767965 ).
aresta( 15836 , 15820 , 0.23759366632524226 ).
aresta( 15836 , 15821 , 0.18941657159247882 ).
aresta( 15836 , 15822 , 0.15963434914251048 ).
aresta( 15836 , 15823 , 0.12019023463503108 ).
aresta( 15836 , 15824 , 0.11583374461917313 ).
aresta( 15836 , 15838 , 0.308725968378575 ).
aresta( 15836 , 15845 , 0.16226237362539667 ).
aresta( 15836 , 15846 , 0.05231015642635353 ).
aresta( 15836 , 15847 , 0.07379217851586012 ).
aresta( 15836 , 15848 , 0.2525404971700774 ).
aresta( 15836 , 15898 , 0.7026036594983183 ).
aresta( 15836 , 15899 , 0.6624122852372273 ).
aresta( 15836 , 21952 , 0.19581610553138332 ).
aresta( 15836 , 21969 , 0.11585726005593713 ).
aresta( 15836 , 21932 , 0.23908570935167112 ).
aresta( 15838 , 15834 , 0.3944725660822953 ).
aresta( 15838 , 15836 , 0.308725968378575 ).
aresta( 15841 , 15855 , 0.39483878522466226 ).
aresta( 15841 , 15856 , 0.32107939130181684 ).
aresta( 15841 , 15857 , 0.31775278204456264 ).
aresta( 15841 , 15858 , 0.39436075725389214 ).
aresta( 15841 , 15859 , 0.25359293330711147 ).
aresta( 15841 , 15860 , 0.1682461769864437 ).
aresta( 15841 , 15861 , 0.11451511181979397 ).
aresta( 15841 , 15862 , 0.0892251278790514 ).
aresta( 15841 , 15863 , 0.06711528483508904 ).
aresta( 15841 , 15864 , 0.05048065729409898 ).
aresta( 15842 , 15852 , 0.14522543385036255 ).
aresta( 15842 , 15853 , 0.0403951048377961 ).
aresta( 15842 , 15855 , 0.29293394757378866 ).
aresta( 15842 , 15856 , 0.22009994072900727 ).
aresta( 15842 , 15857 , 0.2164727101521401 ).
aresta( 15842 , 15858 , 0.29225928238893584 ).
aresta( 15842 , 15859 , 0.15416361382075708 ).
aresta( 15842 , 15860 , 0.07906637567176235 ).
aresta( 15842 , 15861 , 0.06216402071524202 ).
aresta( 15842 , 15862 , 0.0746049354829072 ).
aresta( 15842 , 15863 , 0.09486691304906979 ).
aresta( 15842 , 15864 , 0.11750903479629167 ).
aresta( 15842 , 15885 , 0.11750447418894308 ).
aresta( 15842 , 15886 , 0.13995754104762032 ).
aresta( 15842 , 15887 , 0.185311234178214 ).
aresta( 15842 , 19319 , 0.14882548825152334 ).
aresta( 15842 , 19415 , 0.34919412869573424 ).
aresta( 15842 , 21911 , 0.017953208396719114 ).
aresta( 15842 , 21889 , 0.008078567212858094 ).
aresta( 15843 , 15852 , 0.10298461127008156 ).
aresta( 15843 , 15853 , 0.04294517101494889 ).
aresta( 15843 , 15855 , 0.2390850818696364 ).
aresta( 15843 , 15856 , 0.16507509265656722 ).
aresta( 15843 , 15857 , 0.16179091345760543 ).
aresta( 15843 , 15858 , 0.23877540577370038 ).
aresta( 15843 , 15859 , 0.09789797340501079 ).
aresta( 15843 , 15860 , 0.031335564883998135 ).
aresta( 15843 , 15861 , 0.0683397692679218 ).
aresta( 15843 , 15862 , 0.09856350339809834 ).
aresta( 15843 , 15863 , 0.12929589401358457 ).
aresta( 15843 , 15864 , 0.15932215692885204 ).
aresta( 15843 , 15885 , 0.061029835492814634 ).
aresta( 15843 , 15886 , 0.08797262490316851 ).
aresta( 15843 , 15887 , 0.13173863034473365 ).
aresta( 15843 , 19319 , 0.09201970889419547 ).
aresta( 15843 , 19415 , 0.29582623142849684 ).
aresta( 15843 , 21911 , 0.04596337836530813 ).
aresta( 15843 , 21889 , 0.06254799163777187 ).
aresta( 15844 , 15852 , 0.15205270842591265 ).
aresta( 15844 , 15853 , 0.06786961771425697 ).
aresta( 15844 , 15855 , 0.283135058264965 ).
aresta( 15844 , 15856 , 0.2081563147881344 ).
aresta( 15844 , 15857 , 0.20544592305846868 ).
aresta( 15844 , 15858 , 0.28324195794353657 ).
aresta( 15844 , 15859 , 0.13962688444722474 ).
aresta( 15844 , 15860 , 0.05090574486761903 ).
aresta( 15844 , 15861 , 0.0212590249747395 ).
aresta( 15844 , 15862 , 0.049484839846525304 ).
aresta( 15844 , 15863 , 0.08093960779329344 ).
aresta( 15844 , 15864 , 0.11246369988585665 ).
aresta( 15844 , 15885 , 0.10368105406846645 ).
aresta( 15844 , 15886 , 0.1353424531786286 ).
aresta( 15844 , 15887 , 0.1771427822486683 ).
aresta( 15844 , 19319 , 0.13145411432242124 ).
aresta( 15844 , 19415 , 0.34012548312537816 ).
aresta( 15844 , 21911 , 0.02775770717175955 ).
aresta( 15844 , 21889 , 0.043767652984213354 ).
aresta( 15845 , 15830 , 0.0989286381646894 ).
aresta( 15845 , 15831 , 0.07472068953340243 ).
aresta( 15845 , 15834 , 0.19187530093769126 ).
aresta( 15845 , 15836 , 0.16226237362539667 ).
aresta( 15845 , 15849 , 0.5392253151616835 ).
aresta( 15845 , 15851 , 0.5837577247647936 ).
aresta( 15845 , 21959 , 0.16439382208225722 ).
aresta( 15846 , 15830 , 0.11045584119791761 ).
aresta( 15846 , 15831 , 0.06122771128318302 ).
aresta( 15846 , 15834 , 0.10284306788105266 ).
aresta( 15846 , 15836 , 0.05231015642635353 ).
aresta( 15846 , 15849 , 0.42281459146367467 ).
aresta( 15846 , 15851 , 0.4667368555664502 ).
aresta( 15846 , 21959 , 0.09780519193824547 ).
aresta( 15847 , 15830 , 0.19791614192946327 ).
aresta( 15847 , 15831 , 0.16430864443761486 ).
aresta( 15847 , 15834 , 0.107006587820047 ).
aresta( 15847 , 15836 , 0.07379217851586012 ).
aresta( 15847 , 15849 , 0.31368580359198933 ).
aresta( 15847 , 15851 , 0.35615194144645196 ).
aresta( 15847 , 21959 , 0.133046278514393 ).
aresta( 15848 , 15830 , 0.3722218913138464 ).
aresta( 15848 , 15831 , 0.3452782743070767 ).
aresta( 15848 , 15834 , 0.2537938739192756 ).
aresta( 15848 , 15836 , 0.2525404971700774 ).
aresta( 15848 , 15849 , 0.13551063745642336 ).
aresta( 15848 , 15851 , 0.17417827864984836 ).
aresta( 15848 , 21959 , 0.2937153532289583 ).
aresta( 15849 , 15845 , 0.5392253151616835 ).
aresta( 15849 , 15846 , 0.42281459146367467 ).
aresta( 15849 , 15847 , 0.31368580359198933 ).
aresta( 15849 , 15848 , 0.13551063745642336 ).
aresta( 15849 , 15850 , 0.3860535017505599 ).
aresta( 15849 , 15852 , 0.2459247692979649 ).
aresta( 15849 , 15853 , 0.15169421212392586 ).
aresta( 15849 , 21969 , 0.49489798666206536 ).
aresta( 15849 , 21932 , 0.147958693277262 ).
aresta( 15850 , 15849 , 0.3860535017505599 ).
aresta( 15850 , 15851 , 0.36018437553994054 ).
aresta( 15851 , 15845 , 0.5837577247647936 ).
aresta( 15851 , 15846 , 0.4667368555664502 ).
aresta( 15851 , 15847 , 0.35615194144645196 ).
aresta( 15851 , 15848 , 0.17417827864984836 ).
aresta( 15851 , 15850 , 0.36018437553994054 ).
aresta( 15851 , 15852 , 0.19993639263106336 ).
aresta( 15851 , 15853 , 0.09536546456835997 ).
aresta( 15851 , 21969 , 0.5382758060950951 ).
aresta( 15851 , 21932 , 0.18817312440769676 ).
aresta( 15852 , 15842 , 0.14522543385036255 ).
aresta( 15852 , 15843 , 0.10298461127008156 ).
aresta( 15852 , 15844 , 0.15205270842591265 ).
aresta( 15852 , 15849 , 0.2459247692979649 ).
aresta( 15852 , 15851 , 0.19993639263106336 ).
aresta( 15852 , 15868 , 0.108537427978599 ).
aresta( 15852 , 15869 , 0.054268543880543196 ).
aresta( 15853 , 15842 , 0.0403951048377961 ).
aresta( 15853 , 15843 , 0.04294517101494889 ).
aresta( 15853 , 15844 , 0.06786961771425697 ).
aresta( 15853 , 15849 , 0.15169421212392586 ).
aresta( 15853 , 15851 , 0.09536546456835997 ).
aresta( 15853 , 15868 , 0.21490331442358357 ).
aresta( 15853 , 15869 , 0.16074539930146958 ).
aresta( 15855 , 15819 , 0.4720326243013291 ).
aresta( 15855 , 15820 , 0.5753687571226797 ).
aresta( 15855 , 15821 , 0.6360718804661127 ).
aresta( 15855 , 15822 , 0.6783060752581498 ).
aresta( 15855 , 15823 , 0.753862848718233 ).
aresta( 15855 , 15824 , 0.8198653929643684 ).
aresta( 15855 , 15841 , 0.39483878522466226 ).
aresta( 15855 , 15842 , 0.29293394757378866 ).
aresta( 15855 , 15843 , 0.2390850818696364 ).
aresta( 15855 , 15844 , 0.283135058264965 ).
aresta( 15855 , 15871 , 0.13291531963501568 ).
aresta( 15855 , 15873 , 0.0825959259852509 ).
aresta( 15855 , 15875 , 0.05600368625314745 ).
aresta( 15855 , 15880 , 0.3108576526403782 ).
aresta( 15855 , 15885 , 0.1795399218128449 ).
aresta( 15855 , 15886 , 0.1530956517443407 ).
aresta( 15855 , 15887 , 0.10764160309577413 ).
aresta( 15855 , 21911 , 0.2848973762432177 ).
aresta( 15855 , 21952 , 0.632084886420952 ).
aresta( 15855 , 21889 , 0.29983228356513897 ).
aresta( 15856 , 15819 , 0.39706271012411476 ).
aresta( 15856 , 15820 , 0.5004734639164371 ).
aresta( 15856 , 15821 , 0.5612135923669008 ).
aresta( 15856 , 15822 , 0.6034896802091864 ).
aresta( 15856 , 15823 , 0.6791816986900128 ).
aresta( 15856 , 15824 , 0.7453487376782704 ).
aresta( 15856 , 15841 , 0.32107939130181684 ).
aresta( 15856 , 15842 , 0.22009994072900727 ).
aresta( 15856 , 15843 , 0.16507509265656722 ).
aresta( 15856 , 15844 , 0.2081563147881344 ).
aresta( 15856 , 15871 , 0.11388962347238388 ).
aresta( 15856 , 15873 , 0.06142185312280037 ).
aresta( 15856 , 15875 , 0.0308524032410924 ).
aresta( 15856 , 15880 , 0.2357845582112767 ).
aresta( 15856 , 15885 , 0.10479076009908658 ).
aresta( 15856 , 15886 , 0.08216638333855561 ).
aresta( 15856 , 15887 , 0.037169526226228024 ).
aresta( 15856 , 21911 , 0.21102984792623408 ).
aresta( 15856 , 21952 , 0.557170279080958 ).
aresta( 15856 , 21889 , 0.2266870198774 ).
aresta( 15857 , 15819 , 0.39434488077375573 ).
aresta( 15857 , 15820 , 0.4976941652678774 ).
aresta( 15857 , 15821 , 0.5584075935459715 ).
aresta( 15857 , 15822 , 0.6006552163514353 ).
aresta( 15857 , 15823 , 0.6762655279634507 ).
aresta( 15857 , 15824 , 0.7423482502860496 ).
aresta( 15857 , 15841 , 0.31775278204456264 ).
aresta( 15857 , 15842 , 0.2164727101521401 ).
aresta( 15857 , 15843 , 0.16179091345760543 ).
aresta( 15857 , 15844 , 0.20544592305846868 ).
aresta( 15857 , 15871 , 0.10910482651466481 ).
aresta( 15857 , 15873 , 0.05744493753977819 ).
aresta( 15857 , 15875 , 0.029784042259650062 ).
aresta( 15857 , 15880 , 0.23318243406242076 ).
aresta( 15857 , 15885 , 0.101873792561144 ).
aresta( 15857 , 15886 , 0.07791446604076367 ).
aresta( 15857 , 15887 , 0.03249393640830304 ).
aresta( 15857 , 21911 , 0.20771173411815602 ).
aresta( 15857 , 21952 , 0.5544067298142862 ).
aresta( 15857 , 21889 , 0.22314620335839874 ).
aresta( 15858 , 15819 , 0.472091176767095 ).
aresta( 15858 , 15820 , 0.575358485993852 ).
aresta( 15858 , 15821 , 0.6360303535951343 ).
aresta( 15858 , 15822 , 0.6782334621842718 ).
aresta( 15858 , 15823 , 0.7537040712583678 ).
aresta( 15858 , 15824 , 0.8196171241097907 ).
aresta( 15858 , 15841 , 0.39436075725389214 ).
aresta( 15858 , 15842 , 0.29225928238893584 ).
aresta( 15858 , 15843 , 0.23877540577370038 ).
aresta( 15858 , 15844 , 0.28324195794353657 ).
aresta( 15858 , 15871 , 0.12879444409057061 ).
aresta( 15858 , 15873 , 0.07932706126833107 ).
aresta( 15858 , 15875 , 0.05471701139979119 ).
aresta( 15858 , 15880 , 0.31104213423925064 ).
aresta( 15858 , 15885 , 0.17957785229706136 ).
aresta( 15858 , 15886 , 0.15232288141555253 ).
aresta( 15858 , 15887 , 0.10711834654895817 ).
aresta( 15858 , 21911 , 0.2845062776577587 ).
aresta( 15858 , 21952 , 0.632084070175833 ).
aresta( 15858 , 21889 , 0.29922851825170915 ).
aresta( 15859 , 15819 , 0.3285175000764331 ).
aresta( 15859 , 15820 , 0.43195476419185413 ).
aresta( 15859 , 15821 , 0.4927092891263625 ).
aresta( 15859 , 15822 , 0.5350040651998803 ).
aresta( 15859 , 15823 , 0.610766119711693 ).
aresta( 15859 , 15824 , 0.6770294530105255 ).
aresta( 15859 , 15841 , 0.25359293330711147 ).
aresta( 15859 , 15842 , 0.15416361382075708 ).
aresta( 15859 , 15843 , 0.09789797340501079 ).
aresta( 15859 , 15844 , 0.13962688444722474 ).
aresta( 15859 , 15871 , 0.1327774253153874 ).
aresta( 15859 , 15873 , 0.1018367503095516 ).
aresta( 15859 , 15875 , 0.09298586558822036 ).
aresta( 15859 , 15880 , 0.16721665412005482 ).
aresta( 15859 , 15885 , 0.036889466177814585 ).
aresta( 15859 , 15886 , 0.03331452846188764 ).
aresta( 15859 , 15887 , 0.04201442608642302 ).
aresta( 15859 , 21911 , 0.14374499834841933 ).
aresta( 15859 , 21952 , 0.4886408108383201 ).
aresta( 15859 , 21889 , 0.16027331333081385 ).
aresta( 15860 , 15819 , 0.23897808732370565 ).
aresta( 15860 , 15820 , 0.34250874119523045 ).
aresta( 15860 , 15821 , 0.4033040859191861 ).
aresta( 15860 , 15822 , 0.4456599835002005 ).
aresta( 15860 , 15823 , 0.5216404706896802 ).
aresta( 15860 , 15824 , 0.5881672156384835 ).
aresta( 15860 , 15841 , 0.1682461769864437 ).
aresta( 15860 , 15842 , 0.07906637567176235 ).
aresta( 15860 , 15843 , 0.031335564883998135 ).
aresta( 15860 , 15844 , 0.05090574486761903 ).
aresta( 15860 , 15871 , 0.19816614601338367 ).
aresta( 15860 , 15873 , 0.18426357167700083 ).
aresta( 15860 , 15875 , 0.182329569017323 ).
aresta( 15860 , 15880 , 0.07760971263121423 ).
aresta( 15860 , 15885 , 0.05583598118091623 ).
aresta( 15860 , 15886 , 0.09136515571328277 ).
aresta( 15860 , 15887 , 0.12945137236216817 ).
aresta( 15860 , 21911 , 0.06337851882447276 ).
aresta( 15860 , 21952 , 0.39912211161529376 ).
aresta( 15860 , 21889 , 0.082453526345236 ).
aresta( 15861 , 15819 , 0.17747567033198866 ).
aresta( 15861 , 15820 , 0.28097235879952154 ).
aresta( 15861 , 15821 , 0.3417625030310438 ).
aresta( 15861 , 15822 , 0.38416111051560636 ).
aresta( 15861 , 15823 , 0.46034256949224667 ).
aresta( 15861 , 15824 , 0.5271137275313654 ).
aresta( 15861 , 15841 , 0.11451511181979397 ).
aresta( 15861 , 15842 , 0.06216402071524202 ).
aresta( 15861 , 15843 , 0.0683397692679218 ).
aresta( 15861 , 15844 , 0.0212590249747395 ).
aresta( 15861 , 15871 , 0.2534815159621031 ).
aresta( 15861 , 15873 , 0.24509116831876257 ).
aresta( 15861 , 15875 , 0.2447751827211076 ).
aresta( 15861 , 15880 , 0.019441939824023556 ).
aresta( 15861 , 15885 , 0.11796399772330643 ).
aresta( 15861 , 15886 , 0.1517758641057976 ).
aresta( 15861 , 15887 , 0.19174748609007636 ).
aresta( 15861 , 21911 , 0.046532193281265476 ).
aresta( 15861 , 21952 , 0.33744167313564827 ).
aresta( 15861 , 21889 , 0.058715201360529344 ).
aresta( 15862 , 15819 , 0.14462833972920425 ).
aresta( 15862 , 15820 , 0.24800961034295688 ).
aresta( 15862 , 15821 , 0.30877172596043106 ).
aresta( 15862 , 15822 , 0.35117878090543064 ).
aresta( 15862 , 15823 , 0.42743928437367085 ).
aresta( 15862 , 15824 , 0.4943144864730252 ).
aresta( 15862 , 15841 , 0.0892251278790514 ).
aresta( 15862 , 15842 , 0.0746049354829072 ).
aresta( 15862 , 15843 , 0.09856350339809834 ).
aresta( 15862 , 15844 , 0.049484839846525304 ).
aresta( 15862 , 15871 , 0.2835013783052975 ).
aresta( 15862 , 15873 , 0.27747646051457703 ).
aresta( 15862 , 15875 , 0.27798096291894553 ).
aresta( 15862 , 15880 , 0.022715615537764317 ).
aresta( 15862 , 15885 , 0.15108378147090884 ).
aresta( 15862 , 15886 , 0.18423295703798934 ).
aresta( 15862 , 15887 , 0.22487272015010815 ).
aresta( 15862 , 21911 , 0.06492400994644329 ).
aresta( 15862 , 21952 , 0.3043834493694778 ).
aresta( 15862 , 21889 , 0.0681498833496397 ).
aresta( 15863 , 15819 , 0.11111017903365746 ).
aresta( 15863 , 15820 , 0.21441791357772708 ).
aresta( 15863 , 15821 , 0.27516928146405945 ).
aresta( 15863 , 15822 , 0.317577112305976 ).
aresta( 15863 , 15823 , 0.3938576199048924 ).
aresta( 15863 , 15824 , 0.46076757801448864 ).
aresta( 15863 , 15841 , 0.06711528483508904 ).
aresta( 15863 , 15842 , 0.09486691304906979 ).
aresta( 15863 , 15843 , 0.12929589401358457 ).
aresta( 15863 , 15844 , 0.08093960779329344 ).
aresta( 15863 , 15871 , 0.31268966196218767 ).
aresta( 15863 , 15873 , 0.3092764537627247 ).
aresta( 15863 , 15875 , 0.31094328171927355 ).
aresta( 15863 , 15880 , 0.05282138797978117 ).
aresta( 15863 , 15885 , 0.18399907075726785 ).
aresta( 15863 , 15886 , 0.21628096792299478 ).
aresta( 15863 , 15887 , 0.2577215179933818 ).
aresta( 15863 , 21911 , 0.09022299491362913 ).
aresta( 15863 , 21952 , 0.2707683414989745 ).
aresta( 15863 , 21889 , 0.08716023329508608 ).
aresta( 15864 , 15819 , 0.07711857375903375 ).
aresta( 15864 , 15820 , 0.18062318201018374 ).
aresta( 15864 , 15821 , 0.24141913959830968 ).
aresta( 15864 , 15822 , 0.28381266595762344 ).
aresta( 15864 , 15823 , 0.3599854485118193 ).
aresta( 15864 , 15824 , 0.42678661205119306 ).
aresta( 15864 , 15841 , 0.05048065729409898 ).
aresta( 15864 , 15842 , 0.11750903479629167 ).
aresta( 15864 , 15843 , 0.15932215692885204 ).
aresta( 15864 , 15844 , 0.11246369988585665 ).
aresta( 15864 , 15871 , 0.3397069266441516 ).
aresta( 15864 , 15873 , 0.33952237694359594 ).
aresta( 15864 , 15875 , 0.34290880179839955 ).
aresta( 15864 , 15880 , 0.0846191646764561 ).
aresta( 15864 , 15885 , 0.21613091260176423 ).
aresta( 15864 , 15886 , 0.24712149620077778 ).
aresta( 15864 , 15887 , 0.28957800854503624 ).
aresta( 15864 , 21911 , 0.11692194003216588 ).
aresta( 15864 , 21952 , 0.23714124978743958 ).
aresta( 15864 , 21889 , 0.10943982886610391 ).
aresta( 15865 , 15805 , 0.1301916442954011 ).
aresta( 15865 , 15806 , 0.1238785651929606 ).
aresta( 15865 , 15807 , 0.09014670342548893 ).
aresta( 15865 , 15871 , 0.076691839503633 ).
aresta( 15865 , 15873 , 0.029664744414314093 ).
aresta( 15865 , 15875 , 0.03148193810078918 ).
aresta( 15865 , 15885 , 0.10298885815150327 ).
aresta( 15865 , 15886 , 0.07004466487301521 ).
aresta( 15865 , 15887 , 0.03136618182686709 ).
aresta( 15865 , 21961 , 0.11544042782509292 ).
aresta( 15866 , 15805 , 0.10645682662066398 ).
aresta( 15866 , 15806 , 0.1025961874905506 ).
aresta( 15866 , 15807 , 0.037173644504773916 ).
aresta( 15866 , 15871 , 0.08765170537604608 ).
aresta( 15866 , 15873 , 0.040157673151832655 ).
aresta( 15866 , 15875 , 0.034470350685720616 ).
aresta( 15866 , 15885 , 0.15778329157751103 ).
aresta( 15866 , 15886 , 0.1255574660859865 ).
aresta( 15866 , 15887 , 0.08425393365052601 ).
aresta( 15866 , 21961 , 0.07835533261131168 ).
aresta( 15867 , 15805 , 0.09972957970367313 ).
aresta( 15867 , 15806 , 0.10093126885579122 ).
aresta( 15867 , 15807 , 0.034746620782516384 ).
aresta( 15867 , 15871 , 0.143849281147601 ).
aresta( 15867 , 15873 , 0.10807806089275473 ).
aresta( 15867 , 15875 , 0.09723587049806752 ).
aresta( 15867 , 15885 , 0.22417871620763533 ).
aresta( 15867 , 15886 , 0.19386766001398467 ).
aresta( 15867 , 15887 , 0.15049210654781625 ).
aresta( 15867 , 21961 , 0.06227702529701396 ).
aresta( 15868 , 15852 , 0.108537427978599 ).
aresta( 15868 , 15853 , 0.21490331442358357 ).
aresta( 15868 , 15871 , 0.04630013386703766 ).
aresta( 15868 , 15873 , 0.035241846638323235 ).
aresta( 15868 , 15875 , 0.06637008107766351 ).
aresta( 15868 , 15883 , 0.08240483061843538 ).
aresta( 15868 , 15888 , 0.08868250417504311 ).
aresta( 15868 , 15889 , 0.07128624679594335 ).
aresta( 15868 , 15890 , 0.049209134148801015 ).
aresta( 15868 , 15891 , 0.04546574482963547 ).
aresta( 15869 , 15852 , 0.054268543880543196 ).
aresta( 15869 , 15853 , 0.16074539930146958 ).
aresta( 15869 , 15871 , 0.03916688786056589 ).
aresta( 15869 , 15873 , 0.0356737391928049 ).
aresta( 15869 , 15875 , 0.06838332843615748 ).
aresta( 15869 , 15883 , 0.03258885240384509 ).
aresta( 15869 , 15888 , 0.14294078068907595 ).
aresta( 15869 , 15889 , 0.12522703797516213 ).
aresta( 15869 , 15890 , 0.1034547630010838 ).
aresta( 15869 , 15891 , 0.09720064093957348 ).
aresta( 15871 , 15855 , 0.13291531963501568 ).
aresta( 15871 , 15856 , 0.11388962347238388 ).
aresta( 15871 , 15857 , 0.10910482651466481 ).
aresta( 15871 , 15858 , 0.12879444409057061 ).
aresta( 15871 , 15859 , 0.1327774253153874 ).
aresta( 15871 , 15860 , 0.19816614601338367 ).
aresta( 15871 , 15861 , 0.2534815159621031 ).
aresta( 15871 , 15862 , 0.2835013783052975 ).
aresta( 15871 , 15863 , 0.31268966196218767 ).
aresta( 15871 , 15864 , 0.3397069266441516 ).
aresta( 15871 , 15865 , 0.076691839503633 ).
aresta( 15871 , 15866 , 0.08765170537604608 ).
aresta( 15871 , 15867 , 0.143849281147601 ).
aresta( 15871 , 15868 , 0.04630013386703766 ).
aresta( 15871 , 15869 , 0.03916688786056589 ).
aresta( 15871 , 15898 , 0.04079301970903559 ).
aresta( 15871 , 15899 , 0.04818494465991521 ).
aresta( 15871 , 19301 , 0.03130742154942541 ).
aresta( 15873 , 15855 , 0.0825959259852509 ).
aresta( 15873 , 15856 , 0.06142185312280037 ).
aresta( 15873 , 15857 , 0.05744493753977819 ).
aresta( 15873 , 15858 , 0.07932706126833107 ).
aresta( 15873 , 15859 , 0.1018367503095516 ).
aresta( 15873 , 15860 , 0.18426357167700083 ).
aresta( 15873 , 15861 , 0.24509116831876257 ).
aresta( 15873 , 15862 , 0.27747646051457703 ).
aresta( 15873 , 15863 , 0.3092764537627247 ).
aresta( 15873 , 15864 , 0.33952237694359594 ).
aresta( 15873 , 15865 , 0.029664744414314093 ).
aresta( 15873 , 15866 , 0.040157673151832655 ).
aresta( 15873 , 15867 , 0.10807806089275473 ).
aresta( 15873 , 15868 , 0.035241846638323235 ).
aresta( 15873 , 15869 , 0.0356737391928049 ).
aresta( 15873 , 15898 , 0.09219212339569821 ).
aresta( 15873 , 15899 , 0.1028327347545128 ).
aresta( 15873 , 19301 , 0.02648127548402682 ).
aresta( 15875 , 15855 , 0.05600368625314745 ).
aresta( 15875 , 15856 , 0.0308524032410924 ).
aresta( 15875 , 15857 , 0.029784042259650062 ).
aresta( 15875 , 15858 , 0.05471701139979119 ).
aresta( 15875 , 15859 , 0.09298586558822036 ).
aresta( 15875 , 15860 , 0.182329569017323 ).
aresta( 15875 , 15861 , 0.2447751827211076 ).
aresta( 15875 , 15862 , 0.27798096291894553 ).
aresta( 15875 , 15863 , 0.31094328171927355 ).
aresta( 15875 , 15864 , 0.34290880179839955 ).
aresta( 15875 , 15865 , 0.03148193810078918 ).
aresta( 15875 , 15866 , 0.034470350685720616 ).
aresta( 15875 , 15867 , 0.09723587049806752 ).
aresta( 15875 , 15868 , 0.06637008107766351 ).
aresta( 15875 , 15869 , 0.06838332843615748 ).
aresta( 15875 , 15898 , 0.13045475124747824 ).
aresta( 15875 , 15899 , 0.14118816801447895 ).
aresta( 15875 , 19301 , 0.06492121777096818 ).
aresta( 15876 , 15809 , 0.19770728008010485 ).
aresta( 15876 , 15810 , 0.18421706529249796 ).
aresta( 15876 , 15888 , 0.11506655612682079 ).
aresta( 15876 , 15889 , 0.1215714100933009 ).
aresta( 15876 , 15890 , 0.11048137655747622 ).
aresta( 15876 , 15891 , 0.08840370745380327 ).
aresta( 15876 , 15892 , 0.2561338357003515 ).
aresta( 15876 , 15893 , 0.27655536776301143 ).
aresta( 15876 , 15894 , 0.2810744631213512 ).
aresta( 15876 , 15898 , 0.0694244735549071 ).
aresta( 15876 , 15899 , 0.10107235482233097 ).
aresta( 15877 , 15809 , 0.14963777685809218 ).
aresta( 15877 , 15810 , 0.11928150171583017 ).
aresta( 15877 , 15888 , 0.08236115307972443 ).
aresta( 15877 , 15889 , 0.10242121032103496 ).
aresta( 15877 , 15890 , 0.10953341470150293 ).
aresta( 15877 , 15891 , 0.10213870577389741 ).
aresta( 15877 , 15892 , 0.18397288691615202 ).
aresta( 15877 , 15893 , 0.21212921791212627 ).
aresta( 15877 , 15894 , 0.2213601397414928 ).
aresta( 15877 , 15898 , 0.13964625920895768 ).
aresta( 15877 , 15899 , 0.17879675148271285 ).
aresta( 15878 , 15809 , 0.07251894481249586 ).
aresta( 15878 , 15810 , 0.036636644451277005 ).
aresta( 15878 , 15888 , 0.05550450149848368 ).
aresta( 15878 , 15889 , 0.07322435771082705 ).
aresta( 15878 , 15890 , 0.09450125050465376 ).
aresta( 15878 , 15891 , 0.10586329401752058 ).
aresta( 15878 , 15892 , 0.10516058102483505 ).
aresta( 15878 , 15893 , 0.13000149319044924 ).
aresta( 15878 , 15894 , 0.13871967995980078 ).
aresta( 15878 , 15898 , 0.1729502076290278 ).
aresta( 15878 , 15899 , 0.21235710034753166 ).
aresta( 15879 , 15809 , 0.08219095249619063 ).
aresta( 15879 , 15810 , 0.045785440164822215 ).
aresta( 15879 , 15888 , 0.1182381262078393 ).
aresta( 15879 , 15889 , 0.13114186541318645 ).
aresta( 15879 , 15890 , 0.15395488000823127 ).
aresta( 15879 , 15891 , 0.16913599301459845 ).
aresta( 15879 , 15892 , 0.046944156613633756 ).
aresta( 15879 , 15893 , 0.08305257333218757 ).
aresta( 15879 , 15894 , 0.09854947964322712 ).
aresta( 15879 , 15898 , 0.23846030235483773 ).
aresta( 15879 , 15899 , 0.2773484080214388 ).
aresta( 15880 , 15855 , 0.3108576526403782 ).
aresta( 15880 , 15856 , 0.2357845582112767 ).
aresta( 15880 , 15857 , 0.23318243406242076 ).
aresta( 15880 , 15858 , 0.31104213423925064 ).
aresta( 15880 , 15859 , 0.16721665412005482 ).
aresta( 15880 , 15860 , 0.07760971263121423 ).
aresta( 15880 , 15861 , 0.019441939824023556 ).
aresta( 15880 , 15862 , 0.022715615537764317 ).
aresta( 15880 , 15863 , 0.05282138797978117 ).
aresta( 15880 , 15864 , 0.0846191646764561 ).
aresta( 15880 , 19319 , 0.1586938208946766 ).
aresta( 15880 , 19415 , 0.3678598232224098 ).
aresta( 15881 , 15819 , 0.21728638852314078 ).
aresta( 15881 , 15820 , 0.1140099248192527 ).
aresta( 15881 , 15821 , 0.05387502584316203 ).
aresta( 15881 , 15822 , 0.016733552871422495 ).
aresta( 15881 , 15823 , 0.06931176597330761 ).
aresta( 15881 , 15824 , 0.13634615979374337 ).
aresta( 15881 , 21952 , 0.05729336588029037 ).
aresta( 15882 , 15819 , 0.33030776610379786 ).
aresta( 15882 , 15820 , 0.22678803874064105 ).
aresta( 15882 , 15821 , 0.1660076699219572 ).
aresta( 15882 , 15822 , 0.12360193206695314 ).
aresta( 15882 , 15823 , 0.0478983535936495 ).
aresta( 15882 , 15824 , 0.02561104196816848 ).
aresta( 15882 , 21952 , 0.17048817718405135 ).
aresta( 15883 , 15868 , 0.08240483061843538 ).
aresta( 15883 , 15869 , 0.03258885240384509 ).
aresta( 15883 , 15885 , 0.07993248540178052 ).
aresta( 15883 , 15886 , 0.04251062066254472 ).
aresta( 15883 , 15887 , 0.03565212416124829 ).
aresta( 15884 , 15898 , 0.07454566088397813 ).
aresta( 15884 , 15899 , 0.05353877046204756 ).
aresta( 15885 , 15842 , 0.11750447418894308 ).
aresta( 15885 , 15843 , 0.061029835492814634 ).
aresta( 15885 , 15844 , 0.10368105406846645 ).
aresta( 15885 , 15855 , 0.1795399218128449 ).
aresta( 15885 , 15856 , 0.10479076009908658 ).
aresta( 15885 , 15857 , 0.101873792561144 ).
aresta( 15885 , 15858 , 0.17957785229706136 ).
aresta( 15885 , 15859 , 0.036889466177814585 ).
aresta( 15885 , 15860 , 0.05583598118091623 ).
aresta( 15885 , 15861 , 0.11796399772330643 ).
aresta( 15885 , 15862 , 0.15108378147090884 ).
aresta( 15885 , 15863 , 0.18399907075726785 ).
aresta( 15885 , 15864 , 0.21613091260176423 ).
aresta( 15885 , 15865 , 0.10298885815150327 ).
aresta( 15885 , 15866 , 0.15778329157751103 ).
aresta( 15885 , 15867 , 0.22417871620763533 ).
aresta( 15885 , 15883 , 0.07993248540178052 ).
aresta( 15885 , 15897 , 0.04521679503574678 ).
aresta( 15885 , 19319 , 0.03174009281352359 ).
aresta( 15885 , 19415 , 0.2365049003746667 ).
aresta( 15885 , 21911 , 0.10685554452058746 ).
aresta( 15885 , 21889 , 0.12348168325142685 ).
aresta( 15886 , 15842 , 0.13995754104762032 ).
aresta( 15886 , 15843 , 0.08797262490316851 ).
aresta( 15886 , 15844 , 0.1353424531786286 ).
aresta( 15886 , 15855 , 0.1530956517443407 ).
aresta( 15886 , 15856 , 0.08216638333855561 ).
aresta( 15886 , 15857 , 0.07791446604076367 ).
aresta( 15886 , 15858 , 0.15232288141555253 ).
aresta( 15886 , 15859 , 0.03331452846188764 ).
aresta( 15886 , 15860 , 0.09136515571328277 ).
aresta( 15886 , 15861 , 0.1517758641057976 ).
aresta( 15886 , 15862 , 0.18423295703798934 ).
aresta( 15886 , 15863 , 0.21628096792299478 ).
aresta( 15886 , 15864 , 0.24712149620077778 ).
aresta( 15886 , 15865 , 0.07004466487301521 ).
aresta( 15886 , 15866 , 0.1255574660859865 ).
aresta( 15886 , 15867 , 0.19386766001398467 ).
aresta( 15886 , 15883 , 0.04251062066254472 ).
aresta( 15886 , 15897 , 0.05098775512570782 ).
aresta( 15886 , 19319 , 0.04054097300195912 ).
aresta( 15886 , 19415 , 0.20923674141466972 ).
aresta( 15886 , 21911 , 0.1329321326295728 ).
aresta( 15886 , 21889 , 0.1470052487524656 ).
aresta( 15887 , 15842 , 0.185311234178214 ).
aresta( 15887 , 15843 , 0.13173863034473365 ).
aresta( 15887 , 15844 , 0.1771427822486683 ).
aresta( 15887 , 15855 , 0.10764160309577413 ).
aresta( 15887 , 15856 , 0.037169526226228024 ).
aresta( 15887 , 15857 , 0.03249393640830304 ).
